# test for git 05/08/2014

x <- 1+2
x/6